2022-12-20-14-22-00:
  best_params:
    alpha: 0.5
    cosample_bytree: 1
    max_depth: 9
    min_child_weight: 1
    subsample: 1
  metrics:
    mae: 166.80890840625048
    r2: 0.9790255156968506
    rmse: 287.5008087752664

